0.8 2 21 170 2856 67.90
0.8 2.5 21 170 2856 62.79
0.8 3.3 21 170 2856 74.50
0.8 4 21 170 2856 236.30
0.8 2 22 150 2640 63.0
0.8 2.5 22 150 2640 61.40
0.8 4 22 150 2640 297.00
0.8 2 24 140 2688 64.44
0.8 2.5 24 140 2688 61.00
0.8 3.3 24 140 2688 108.50
0.8 4 24 140 2688 286.00
0.8 2 28 130 2912 69.00
0.8 2.5 28 130 2912 63.00
0.8 3.3 28 130 2912 73.60
0.8 4 28 130 2912 213.00
0.75 2 21 170 2677.5 60.90
0.75 3.3 21 170 2677.5 110.00
0.75 3.3 22 150 2475 178
0.75 4 21 170 2677.5 289.00
0.75 2 22 150 2475 60.04
0.75 2.5 22 150 2475 65.14
0.75 4 22 150 2475 325.00
0.75 2 24 140 2520 60.70
0.75 2.5 24 140 2520 64.45
0.75 3.3 24 140 2520 143.20
0.75 4 24 140 2520 319.20
0.75 2 28 130 2730 65.30
0.75 2.5 28 130 2730 61.30
0.75 3.3 28 130 2730 100.10
0.75 4 28 130 2730 275.99
0.7 2 21 170 2499 60.36
0.7 2.5 21 170 2499 64.86
0.7 4 21 170 2499 322.30
0.7 2 22 150 2310 58.90
0.7 2.5 22 150 2310 66.05
0.7 3.3 22 150 2310 254.00
0.7 2 24 140 2352 58.90
0.7 2.5 24 140 2352 65.92
0.7 3.3 24 140 2352 238.70
0.7 4 22 150 2310 300.8
0.7 3.3 21 170 2499 162.80
0.75 2.5 21 170 2677.5 64.20
0.8 3.3 22 150 2640 115.00